filename,month,extra_time_hour,makeup_time_hour,surplus_time_hour,silence_time_hour,subregion_time_hour,skip_time_hour,end_time_hour,total_listen_time_hour,silence_raw_hour,subregion_raw_hour,num_raw_subregion
39_13_sparse_code.cha,13,0,0,0,0,3,1.87,6.74,1.13,0.01,5,5
08_12_sparse_code.cha,12,0,0.17,0,0,3.51,0.82,16,2.85,6.7,5,5
34_10_sparse_code.cha,10,0,0,0,0.07,3,0,16,2.93,9.53,5,5
25_10_sparse_code.cha,10,0,0,0,0,3,0,12.8,3,1.3,5,5
34_13_sparse_code.cha,13,0,0,0,0,3,0,7.36,3,3.14,5,5
38_09_sparse_code.cha,09,0,0,0,0,3,0,13.57,3,2.92,5,5
25_08_sparse_code.cha,08,0,0.26,0,0,3,0.24,6.67,3.02,0,5,5
21_11_sparse_code.cha,11,0,0.98,0,0,3,0.93,10.43,3.05,1.5,5,5
42_12_sparse_code.cha,12,0,0.87,0,0,3.13,0.87,16,3.13,8.26,5,5
03_12_sparse_code.cha,12,0,0.82,0,0,3.18,0.82,16,3.17,1.53,5,5
22_12_sparse_code.cha,12,0,0.45,0,0.13,3.56,0.44,13.19,3.44,4.18,5,5
15_10_sparse_code.cha,10,0,0.46,0,0,3.67,0.69,16,3.45,0.39,5,5
22_11_sparse_code.cha,11,0,0.3,0,0.09,3.64,0.36,13.35,3.48,3.91,5,5
41_13_sparse_code.cha,13,0,0.52,0,0,3.48,0.52,16,3.48,6.86,5,5
07_09_sparse_code.cha,09,0,0.27,0,0.02,3.73,0.45,16,3.54,5.23,5,5
38_12_sparse_code.cha,12,0,0.3,0,0,3.62,0.38,13.08,3.54,2.31,5,5
42_11_sparse_code.cha,11,0,0.66,0,0,3.55,0.66,16,3.55,6.31,5,5
22_13_sparse_code.cha,13,0,1,0,0,3.78,1.22,11.32,3.56,2.54,5,5
08_11_sparse_code.cha,11,0,1,0,0.02,3.58,0.94,16,3.62,2.29,5,5
43_13_sparse_code.cha,13,0,0.3,0,0,3.7,0.38,12.55,3.62,1.94,5,5
40_11_sparse_code.cha,11,0.52,0.01,0,0.87,4,0,16,3.66,12.48,5,5
18_08_sparse_code.cha,08,0,0.36,0,0,3.79,0.48,13.03,3.67,0.29,5,5
27_10_sparse_code.cha,10,0,0.22,0,0,3.78,0.33,16,3.67,5.36,5,5
07_13_sparse_code.cha,13,0.07,0.28,0,0,3.88,0.53,8.78,3.71,2.62,5,5
40_12_sparse_code.cha,12,0,0,0,0,3.86,0.14,16,3.72,4.02,5,5
46_10_sparse_code.cha,10,0,0.22,0,0,3.86,0.35,10.95,3.72,1.88,5,5
13_11_sparse_code.cha,11,0,0.1,0,0.04,4,0.33,12.34,3.73,2.96,5,5
17_08_sparse_code.cha,08,0,0.22,0,0.04,4,0.45,16,3.73,7.62,5,5
45_10_sparse_code.cha,10,0,0,0,0,4,0,5.33,4,0,4,4
04_08_sparse_code.cha,08,0.16,0.43,0.3,0,4,0.43,13.37,4.47,1.75,5,5
09_12_sparse_code.cha,12,1,0,0.42,0.69,4,0.17,16,4.56,6.4,5,5
01_09_sparse_code.cha,09,0,0,0.72,0,4,0,16,4.72,1.53,5,5
04_10_sparse_code.cha,10,0,0.22,0.74,0.21,4,0,12.92,4.75,2.7,5,5
04_09_sparse_code.cha,09,0,0.14,0.73,0.04,4,0,10.71,4.83,2.6,5,5
02_09_sparse_code.cha,09,0,0,1.22,0,4,0,16,5.22,6.96,5,5
02_08_sparse_code.cha,08,0,0,1.3,0,4,0,16,5.3,5.61,5,5
07_08_sparse_code.cha,08,0,0.33,1.37,0,4,0.32,14.44,5.38,2.69,5,5
08_10_sparse_code.cha,10,0,0,2.73,0,4,0,16,6.73,1.19,5,5
20_10_sparse_code.cha,10,0,0.17,3.53,0.17,4,0,16,7.53,8.03,5,5
